6.84 5.78 5.91 2.34 1.28 
7.48 9.36 6.95 6.64 6.14 
2.51 8.61 7.64 6.49 2.29 
3.53 9.40 7.28 4.81 0.07 
6.53 0.19 3.89 0.06 1.46 
5.24 7.90 5.27 9.38 7.51 
5.53 5.44 7.93 4.28 0.64 
8.69 8.44 4.83 1.23 9.35 
0.96 8.66 2.44 6.40 9.68 
0.48 8.95 1.15 2.64 2.62 
6.79 0.45 1.19 9.56 9.17 
9.10 7.50 1.98 5.68 7.75 
6.29 3.58 5.15 3.13 4.16 
1.07 9.05 9.18 8.80 5.66 
9.64 3.09 5.52 1.07 5.46 
8.57 8.05 1.00 0.89 5.00 
4.87 6.00 1.59 5.16 6.91 
1.36 8.58 7.69 1.53 5.30 
7.58 3.75 8.04 1.83 9.87 
4.98 3.90 8.67 0.16 8.89 
8.65 7.63 6.70 3.33 3.07 
2.94 4.34 7.43 4.34 1.83 
8.68 3.48 8.71 2.62 0.41 
5.92 6.65 8.53 7.26 4.69 
6.11 9.58 0.67 1.78 1.33 
3.12 8.38 5.94 6.86 0.79 
4.30 2.91 7.50 6.16 8.86 
2.46 2.50 9.18 0.73 7.60 
1.91 7.84 8.50 0.39 8.61 
0.56 0.83 1.24 6.73 5.98 
4.05 5.99 7.21 3.87 4.10 
9.30 2.81 6.05 1.46 8.69 
3.61 8.62 4.23 6.07 9.92 
6.48 7.83 0.36 3.34 7.66 
0.78 1.20 4.32 7.23 8.53 
2.56 7.38 3.31 2.26 3.55 
7.52 9.36 4.80 9.15 5.06 
0.19 1.70 9.00 8.31 5.66 
4.18 0.67 0.65 9.89 2.16 
7.23 4.55 6.49 7.94 8.81 
9.26 0.47 0.80 0.87 3.41 
9.11 4.51 1.81 3.64 8.14 
6.25 4.02 7.57 0.58 7.48 
9.06 8.64 3.22 8.63 7.74 
8.95 8.88 3.18 1.78 8.90 
9.76 9.33 3.56 4.62 7.48 
2.65 0.21 1.87 5.37 7.65 
5.60 6.89 2.17 9.49 4.64 
4.87 3.72 9.18 4.17 1.63 
0.13 0.95 5.16 9.46 1.92 
3.70 4.89 3.34 7.77 5.70 
3.24 8.59 1.89 8.06 6.47 
5.59 8.58 4.82 1.53 5.73 
3.26 1.54 0.93 3.21 6.40 
0.02 5.85 8.32 2.53 6.25 
1.07 4.89 7.53 0.96 2.34 
4.19 5.92 4.08 3.71 6.09 
2.10 5.95 7.27 7.81 6.75 
0.65 8.60 8.08 6.14 5.11 
8.40 3.45 4.31 9.01 7.13 
4.93 1.39 7.64 1.54 3.82 
1.85 2.71 1.52 5.50 8.67 
9.76 7.14 6.20 7.84 7.18 
2.31 6.89 0.48 1.20 6.66 
9.67 0.83 0.77 3.59 8.76 
1.28 5.88 5.18 0.44 3.65 
2.33 0.61 7.81 6.40 1.39 
9.60 8.90 8.88 0.46 7.29 
6.25 2.30 7.75 9.49 6.86 
7.29 5.00 8.29 5.65 5.18 
8.96 8.11 3.21 7.54 2.47 
5.89 5.41 3.84 7.67 1.35 
4.46 4.72 9.54 7.27 1.69 
2.24 6.22 0.51 2.34 7.09 
3.88 6.52 4.18 3.44 2.68 
7.39 8.43 0.60 6.11 1.16 
2.31 1.46 7.75 3.96 2.02 
6.64 3.01 6.36 8.10 0.80 
2.25 9.92 8.37 2.52 7.50 
6.02 7.62 2.52 7.24 5.72 
1.04 2.33 9.02 4.56 0.87 
4.72 7.65 0.93 2.42 6.50 
5.76 3.17 6.58 3.23 0.79 
6.64 3.66 8.10 6.46 2.46 
0.27 3.26 0.67 3.65 4.83 
4.58 3.92 1.19 3.86 5.47 
1.83 3.15 7.41 4.12 9.98 
9.23 0.98 1.60 8.98 4.01 
2.04 9.23 0.43 7.03 9.22 
0.04 0.46 4.93 3.64 1.84 
3.47 0.73 6.11 3.55 2.93 
6.73 3.61 7.80 3.68 1.82 
6.58 7.07 6.75 5.24 7.20 
9.67 2.12 4.53 7.09 4.55 
1.73 8.78 1.68 2.98 7.14 
6.45 9.82 3.50 1.82 0.13 
7.63 8.14 6.65 1.11 9.72 
8.63 9.13 3.01 4.13 1.58 
4.64 0.86 5.96 9.79 5.54 
5.65 1.55 0.85 4.90 7.76 
3.07 2.25 3.91 3.06 4.06 
